v -45.20771733684128 -737.679560931963 5.84071000189745 0.0
v -44.52755958621914 -739.3076044377312 12.381180906593652 0.0
v -44.31878476491846 -741.969125566214 18.551727871569085 0.0
v -43.86213929897914 -743.0806883031067 22.3938638907619 0.0
v -46.353673406399906 -747.3081563906838 20.45153087034169 0.0
v -51.22343200186215 -737.1577211141979 28.289499149357077 1.0
v -55.902692934259704 -732.9039926518816 27.476095658099922 1.0
v -29.33876879149161 -750.4227017818946 21.146708824205263 2.0
v -35.863990491165225 -747.9557160080046 23.533961677928268 2.0
v -47.12678566866813 -751.3668344930186 19.391804543248828 3.0
v -48.86941338875609 -752.9530242544498 18.56859824741522 3.0
e 1 0
e 2 1
e 3 2
e 4 3
e 5 6
e 5 3
e 7 8
e 8 3
e 9 10
e 9 4
