v -47.04102952539687 -738.8135863682108 6.132054837017885 0.0
v -47.41444060111715 -742.5951836681086 12.73913944933175 0.0
v -46.99623238033721 -747.7234593795877 19.739166921649836 0.0
v -50.65400396997631 -745.842230397166 23.2862909307998 0.0
v -51.055304241155035 -752.3759597830103 21.25885610193683 0.0
v -31.798933373264866 -755.4614540782173 19.38948795240942 1.0
v -37.22027805185865 -752.7771315543483 22.914909672871133 1.0
v -65.05332072506951 -735.2192527531687 24.99140152767489 2.0
v -58.845677591569086 -740.7412473702891 27.709362226033694 2.0
v -47.13684892438049 -746.3627046281082 25.36091905501182 3.0
v -47.12736667061183 -744.5919229883551 27.75241932228536 3.0
v -53.54386806108155 -756.9804072355724 18.90344000848234 4.0
v -55.08597449081303 -761.3807820830764 16.355600354512248 4.0
v -55.80163383752454 -750.8582108885971 24.12865158342594 5.0
v -54.05888455845553 -751.8499874636185 23.54953239795575 5.0
v -47.509574865713034 -754.8890315220222 21.491417627376215 6.0
v -47.32233684152801 -756.896588550614 20.500596277244167 6.0
e 0 1
e 1 2
e 2 4
e 3 2
e 5 6
e 6 2
e 7 8
e 8 3
e 9 10
e 9 3
e 11 12
e 11 4
e 13 14
e 14 4
e 15 16
e 15 4
