v -45.15737519898985 -737.7631082621139 6.174085768259346 0.0
v -44.45161426171918 -739.7250693709559 13.616088942131519 0.0
v -43.19835771374209 -743.0583665352717 20.20932229384442 0.0
v -45.50299945282642 -741.7657530886502 23.267827431353798 0.0
v -45.80406389625707 -746.2657715731463 20.66586252690679 0.0
v -51.32686134283611 -737.2949514361916 28.21274145992608 1.0
v -56.081201923659854 -732.6810472833705 27.37612754006793 1.0
v -45.50299945282642 -741.7657530886502 23.267827431353798 1.0
v -28.465477036110443 -751.2317591007383 20.256105737774334 2.0
v -35.14560006368022 -748.0759246890501 23.31769730793428 2.0
v -43.19835771374209 -743.0583665352717 20.20932229384442 2.0
v -46.50476328816617 -749.2826697510264 19.853020582983266 3.0
v -48.238189615564394 -751.8875601778465 19.127196736942544 3.0
v -45.80406389625707 -746.2657715731463 20.66586252690679 3.0
e 1 0
e 10 1
e 10 13
e 7 10
e 5 6
e 5 7
e 8 9
e 9 10
e 11 12
e 11 13
