v -38.56114898212723 -735.822996641554 27.268216805379083 0.0
v -35.817196457764915 -732.5711649648871 53.340173616578554 0.0
v -37.03798757314677 -732.6907874745409 45.739941502851686 0.0
v -37.94028823625948 -733.7529236069144 37.7772480383469 0.0
v -39.10323529063765 -735.982845617832 15.211351556352216 0.0
v -39.091980095744965 -736.355951546482 4.8766631195981605 0.0
v -39.33713238697813 -740.4258237706434 35.92034374043436 1.0
v -42.81527400308308 -752.6679305297681 50.493432470470026 1.0
v -41.26460567606772 -745.815753294906 43.36474794223475 1.0
v -18.68659106625452 -724.4356985165316 78.73053973761183 2.0
v -30.48213028094609 -729.6756627469946 61.598183704091625 2.0
v -25.16086778235244 -727.5828089239693 70.49923539849085 2.0
v -38.445924481386825 -731.7532676878307 70.22208409555137 3.0
v -37.81780749132175 -731.7377661974733 61.42545298676876 3.0
e 0 4
e 2 1
e 2 3
e 3 0
e 4 5
e 6 8
e 6 3
e 7 8
e 9 11
e 10 11
e 10 1
e 12 13
e 13 1
