v -39.22145542133179 -740.0267460614997 27.614318786482634 0.0
v -37.40906744003378 -740.4416025521988 48.34123281367639 0.0
v -37.68240875634242 -743.5247518813143 55.6680031001625 0.0
v -39.65201841559065 -737.7860351841678 5.469952885167519 0.0
v -39.61860845798758 -738.7105624590279 15.85644241734668 0.0
v -38.29100809674683 -740.3700367049425 38.06140557698396 0.0
v -7.2398707323627995 -737.8107926222327 88.51193557537266 1.0
v -22.89627963826611 -739.2063176555046 77.94529112033963 1.0
v -31.662127829169386 -739.6570330385534 62.450215456482546 1.0
v -42.57747453630149 -755.8290829933055 44.77805171250167 2.0
v -40.63282381427461 -747.4122137064794 37.74983164627876 2.0
v -45.247989484614784 -762.822355201045 49.998636349973225 2.0
v -39.518395815761345 -744.3388082070318 64.66947266933876 3.0
v -41.004375717500544 -745.8666451000827 75.62882554585266 3.0
v -43.98980564164721 -746.9387682531448 88.65908452425379 3.0
e 0 4
e 0 5
e 1 2
e 4 3
e 5 1
e 6 7
e 7 8
e 8 2
e 9 10
e 9 11
e 10 5
e 12 13
e 12 2
e 13 14
